rows: 940 
256 
107 
26 
35 
843 
315 
6 
190 
877 
192 
191 
193 
126 
231 
49 
229 
1009 
73 
7 
405 
431 
645 
213 
381 
207 
437 
265 
150 
343 
356 
358 
537 
262 
106 
176 
563 
204 
209 
478 
292 
216 
9 
246 
109 
518 
655 
117 
749 
58 
20 
776 
165 
36 
25 
200 
736 
733 
874 
481 
398 
307 
802 
276 
272 
154 
1073 
361 
284 
279 
407 
294 
703 
527 
113 
217 
37 
363 
273 
337 
476 
350 
469 
84 
168 
158 
715 
374 
972 
528 
968 
74 
439 
258 
1067 
730 
293 
753 
905 
723 
716 
689 
38 
974 
582 
870 
879 
713 
591 
737 
937 
721 
786 
794 
979 
1020 
219 
312 
462 
700 
495 
149 
970 
936 
983 
513 
892 
205 
194 
388 
155 
866 
203 
133 
76 
170 
755 
185 
24 
22 
211 
666 
535 
195 
351 
196 
201 
197 
118 
212 
152 
206 
60 
253 
122 
180 
235 
177 
319 
420 
389 
199 
260 
227 
708 
397 
261 
77 
164 
198 
181 
427 
183 
215 
243 
103 
64 
156 
82 
368 
72 
63 
498 
123 
240 
274 
475 
32 
13 
746 
119 
348 
977 
19 
108 
111 
56 
157 
34 
345 
722 
79 
701 
12 
585 
40 
378 
30 
448 
618 
41 
66 
75 
70 
67 
250 
202 
69 
411 
391 
189 
14 
61 
160 
239 
116 
423 
342 
331 
81 
291 
671 
21 
8 
68 
675 
151 
29 
96 
223 
71 
344 
236 
346 
414 
101 
90 
43 
39 
394 
137 
275 
89 
536 
115 
88 
263 
100 
238 
175 
163 
232 
400 
220 
10 
642 
120 
78 
221 
347 
230 
328 
174 
167 
577 
244 
418 
159 
208 
242 
241 
549 
864 
130 
172 
245 
249 
182 
554 
338 
268 
430 
94 
332 
251 
218 
497 
278 
254 
171 
306 
383 
333 
281 
425 
372 
456 
395 
320 
744 
653 
267 
270 
894 
121 
271 
365 
557 
570 
617 
127 
277 
460 
434 
564 
280 
283 
318 
287 
480 
928 
233 
289 
234 
288 
302 
295 
569 
296 
402 
178 
301 
303 
105 
304 
349 
459 
447 
334 
404 
355 
299 
85 
297 
369 
661 
300 
424 
552 
286 
450 
87 
353 
579 
681 
27 
169 
340 
129 
553 
335 
584 
686 
48 
393 
436 
313 
285 
360 
362 
482 
367 
412 
531 
376 
542 
457 
466 
366 
305 
511 
382 
390 
416 
179 
408 
153 
86 
529 
602 
269 
371 
329 
631 
162 
184 
380 
396 
560 
311 
46 
399 
609 
409 
787 
435 
403 
401 
406 
610 
410 
375 
422 
464 
473 
428 
484 
432 
282 
384 
42 
572 
135 
451 
502 
83 
441 
486 
632 
419 
691 
880 
308 
387 
467 
259 
997 
426 
472 
576 
18 
454 
540 
474 
565 
499 
589 
504 
688 
59 
264 
544 
501 
491 
490 
932 
494 
673 
729 
327 
769 
489 
620 
442 
539 
503 
237 
510 
512 
487 
514 
693 
829 
555 
523 
551 
825 
868 
522 
857 
543 
532 
875 
792 
533 
530 
538 
594 
545 
525 
685 
989 
548 
626 
574 
556 
625 
903 
255 
601 
676 
571 
718 
336 
583 
596 
641 
597 
659 
541 
575 
667 
741 
695 
796 
604 
813 
595 
599 
607 
611 
605 
747 
606 
640 
919 
608 
734 
616 
559 
810 
621 
619 
615 
761 
623 
622 
754 
668 
624 
757 
658 
698 
784 
633 
869 
453 
628 
630 
634 
80 
651 
413 
210 
635 
711 
643 
660 
649 
386 
648 
699 
664 
674 
826 
705 
911 
567 
415 
706 
672 
687 
359 
752 
508 
702 
717 
690 
694 
712 
298 
788 
860 
756 
719 
370 
724 
704 
732 
735 
778 
824 
580 
727 
865 
886 
740 
785 
745 
760 
823 
956 
805 
751 
748 
838 
763 
821 
889 
846 
764 
844 
908 
855 
647 
771 
901 
770 
768 
774 
835 
739 
775 
861 
797 
515 
573 
780 
828 
187 
795 
834 
848 
827 
819 
803 
994 
779 
429 
804 
841 
377 
818 
509 
822 
952 
837 
836 
833 
902 
845 
898 
891 
847 
379 
842 
854 
957 
852 
772 
352 
815 
791 
798 
858 
1059 
863 
1006 
862 
867 
900 
897 
899 
873 
872 
973 
709 
871 
612 
883 
961 
1004 
947 
887 
1031 
677 
767 
839 
890 
882 
1040 
913 
912 
922 
1061 
967 
173 
931 
929 
493 
933 
247 
938 
1056 
914 
934 
946 
906 
949 
944 
939 
948 
918 
799 
955 
1074 
960 
853 
832 
963 
981 
1028 
978 
627 
998 
993 
488 
992 
980 
987 
995 
885 
1005 
485 
1007 
896 
1010 
1011 
1012 
991 
990 
996 
840 
951 
1038 
1016 
831 
310 
1017 
1019 
1018 
1021 
1025 
959 
186 
1022 
1023 
445 
1002 
1024 
982 
1026 
976 
984 
1044 
1029 
975 
773 
907 
1030 
1037 
1027 
1032 
927 
765 
1039 
373 
1041 
1071 
1045 
1036 
1043 
1051 
986 
1046 
1042 
1050 
1052 
28 
1060 
1054 
945 
1055 
1058 
1057 
1062 
950 
417 
1066 
1015 
1064 
1068 
1065 
669 
1014 
1070 
506 
248 
95 
62 

done.